3x3 1 1 0
3x3 1 2 0
3x3 1 3 0
3x3 1 4 0
3x3 1 5 0
3x3 1 6 0
3x3 1 8 0
-------
3x3 2 1 0
3x3 2 2 0
3x3 2 3 0
3x3 2 4 0
3x3 2 5 0
3x3 2 6 0
3x3 2 7 0
-------
3x3 3 1 0
3x3 3 2 0
3x3 3 3 0
3x3 3 4 0
3x3 3 5 0
3x3 3 6 0
-------
3x3 4 1 0
3x3 4 2 0
3x3 4 3 0
3x3 4 4 0
3x3 4 5 0
-------
3x3 5 1 0
3x3 5 2 0
3x3 5 3 0
3x3 5 4 0
-------
3x3 6 1 0
3x3 6 2 0
3x3 6 3 0
-------
3x3 8 1 0
-------
4x4 1 1 0
4x4 1 2 0
4x4 1 3 0
4x4 1 4 0
4x4 1 5 0
4x4 1 8 0
4x4 1 12 0
4x4 1 15 0
-------
4x4 2 1 0
4x4 2 2 0
4x4 2 3 0
4x4 2 4 0
4x4 2 5 0
4x4 2 8 0
4x4 2 12 0
4x4 2 14 0
-------
4x4 3 1 0
4x4 3 2 0
4x4 3 3 0
4x4 3 4 0
4x4 3 5 0
4x4 3 8 0
4x4 3 12 0
4x4 3 13 0
-------
4x4 4 1 0
4x4 4 2 0
4x4 4 3 0
4x4 4 4 0
4x4 4 5 0
4x4 4 8 0
4x4 4 12 0
-------
4x4 5 1 0
4x4 5 2 0
4x4 5 3 0
4x4 5 4 0
4x4 5 5 0
4x4 5 8 0
4x4 5 11 0
-------
4x4 8 1 0
4x4 8 2 0
4x4 8 3 0
4x4 8 4 0
4x4 8 5 0
4x4 8 8 0
-------
4x4 12 1 0
4x4 12 2 0
4x4 12 3 0
4x4 12 4 0
-------
4x4 15 1 0
-------
5x5 1 1 0
5x5 1 2 0
5x5 1 3 0
5x5 1 4 0
5x5 1 5 0
5x5 1 6 0
5x5 1 12 0
5x5 1 18 0
5x5 1 24 0
-------
5x5 2 1 0
5x5 2 2 0
5x5 2 3 0
5x5 2 4 0
5x5 2 5 0
5x5 2 6 0
5x5 2 12 0
5x5 2 18 0
5x5 2 23 0
-------
5x5 3 1 0
5x5 3 2 0
5x5 3 3 0
5x5 3 4 0
5x5 3 5 0
5x5 3 6 0
5x5 3 12 0
5x5 3 18 0
5x5 3 22 0
-------
5x5 4 1 0
5x5 4 2 0
5x5 4 3 0
5x5 4 4 0
5x5 4 5 0
5x5 4 6 0
5x5 4 12 0
5x5 4 18 0
5x5 4 21 0
-------
5x5 5 1 0
5x5 5 2 0
5x5 5 3 0
5x5 5 4 0
5x5 5 5 0
5x5 5 6 0
5x5 5 12 0
5x5 5 18 0
5x5 5 20 0
-------
5x5 6 1 0
5x5 6 2 0
5x5 6 3 0
5x5 6 4 0
5x5 6 5 0
5x5 6 6 0
5x5 6 12 0
5x5 6 18 0
5x5 6 19 0
-------
5x5 12 1 0
5x5 12 2 0
5x5 12 3 0
5x5 12 4 0
5x5 12 5 0
5x5 12 6 0
5x5 12 12 0
5x5 12 13 0
-------
5x5 18 1 0
5x5 18 2 0
5x5 18 3 0
5x5 18 4 0
5x5 18 5 0
5x5 18 6 0
5x5 18 7 0
-------
5x5 24 1 0
-------
6x6 1 1 0
6x6 1 2 0
6x6 1 3 0
6x6 1 4 0
6x6 1 5 0
6x6 1 9 0
6x6 1 18 0
6x6 1 27 0
6x6 1 35 0
-------
6x6 2 1 0
6x6 2 2 0
6x6 2 3 0
6x6 2 4 0
6x6 2 5 0
6x6 2 9 0
6x6 2 18 0
6x6 2 27 0
6x6 2 34 0
-------
6x6 3 1 0
6x6 3 2 0
6x6 3 3 0
6x6 3 4 0
6x6 3 5 0
6x6 3 9 0
6x6 3 18 0
6x6 3 27 0
6x6 3 33 0
-------
6x6 4 1 0
6x6 4 2 0
6x6 4 3 0
6x6 4 4 0
6x6 4 5 0
6x6 4 9 0
6x6 4 18 0
6x6 4 27 0
6x6 4 32 0
-------
6x6 5 1 0
6x6 5 2 0
6x6 5 3 0
6x6 5 4 0
6x6 5 5 0
6x6 5 9 0
6x6 5 18 0
6x6 5 27 0
6x6 5 31 0
-------
6x6 9 1 0
6x6 9 2 0
6x6 9 3 0
6x6 9 4 0
6x6 9 5 0
6x6 9 9 0
6x6 9 18 0
6x6 9 27 0
-------
6x6 18 1 0
6x6 18 2 0
6x6 18 3 0
6x6 18 4 0
6x6 18 5 0
6x6 18 9 0
6x6 18 18 0
-------
6x6 27 1 0
6x6 27 2 0
6x6 27 3 0
6x6 27 4 0
6x6 27 5 0
6x6 27 9 0
-------
6x6 35 1 0
-------
10x10 1 1 0
10x10 1 2 0
10x10 1 3 0
10x10 1 4 0
10x10 1 5 0
10x10 1 25 0
10x10 1 50 0
10x10 1 75 0
10x10 1 99 0
-------
10x10 2 1 0
10x10 2 2 0
10x10 2 3 0
10x10 2 4 0
10x10 2 5 0
10x10 2 25 0
10x10 2 50 0
10x10 2 75 0
10x10 2 98 0
-------
10x10 3 1 0
10x10 3 2 0
10x10 3 3 0
10x10 3 4 0
10x10 3 5 0
10x10 3 25 0
10x10 3 50 0
10x10 3 75 0
10x10 3 97 0
-------
10x10 4 1 0
10x10 4 2 0
10x10 4 3 0
10x10 4 4 0
10x10 4 5 0
10x10 4 25 0
10x10 4 50 0
10x10 4 75 0
10x10 4 96 0
-------
10x10 5 1 0
10x10 5 2 0
10x10 5 3 0
10x10 5 4 0
10x10 5 5 0
10x10 5 25 0
10x10 5 50 0
10x10 5 75 0
10x10 5 95 0
-------
10x10 25 1 0
10x10 25 2 0
10x10 25 3 0
10x10 25 4 0
10x10 25 5 0
10x10 25 25 0
10x10 25 50 0
10x10 25 75 0
-------
10x10 50 1 0
10x10 50 2 0
10x10 50 3 0
10x10 50 4 0
10x10 50 5 0
10x10 50 25 0
10x10 50 50 0
-------
10x10 75 1 0
10x10 75 2 0
10x10 75 3 0
10x10 75 4 0
10x10 75 5 0
10x10 75 25 0
-------
10x10 99 1 0
-------
20x20 1 1 0
20x20 1 2 0
20x20 1 3 0
20x20 1 4 0
20x20 1 5 0
20x20 1 100 0
20x20 1 200 0
20x20 1 300 0
20x20 1 399 0
-------
20x20 2 1 0
20x20 2 2 0
20x20 2 3 0
20x20 2 4 0
20x20 2 5 0
20x20 2 100 0
20x20 2 200 0
20x20 2 300 0
20x20 2 398 0
-------
20x20 3 1 0
20x20 3 2 0
20x20 3 3 0
20x20 3 4 0
20x20 3 5 0
20x20 3 100 0
20x20 3 200 0
20x20 3 300 0
20x20 3 397 0
-------
20x20 4 1 0
20x20 4 2 0
20x20 4 3 0
20x20 4 4 0
20x20 4 5 0
20x20 4 100 0
20x20 4 200 0
20x20 4 300 0
20x20 4 396 0
-------
20x20 5 1 0
20x20 5 2 0
20x20 5 3 0
20x20 5 4 0
20x20 5 5 0
20x20 5 100 0
20x20 5 200 0
20x20 5 300 0
20x20 5 395 0
-------
20x20 100 1 0
20x20 100 2 0
20x20 100 3 0
20x20 100 4 0
20x20 100 5 0
20x20 100 100 0
20x20 100 200 0
20x20 100 300 0
-------
20x20 200 1 0
20x20 200 2 0
20x20 200 3 0
20x20 200 4 0
20x20 200 5 0
20x20 200 100 0
20x20 200 200 0
-------
20x20 300 1 0
20x20 300 2 0
20x20 300 3 0
20x20 300 4 0
20x20 300 5 0
20x20 300 100 0
-------
20x20 399 1 0
-------
